﻿# A simple US keyboard layout
# ScanCode,Row,Column,Width,Label,Code,ShiftLabel,ShiftCode
01,0,0,2,Esc,FF1B,,
3B,0,2,2,F1,FFBE,,
3C,0,4,2,F2,FFBF,,
3D,0,6,2,F3,FFC0,,
3E,0,8,2,F4,FFC1,,
3F,0,10,2,F5,FFC2,,
40,0,12,2,F6,FFC3,,
41,0,14,2,F7,FFC4,,
42,0,16,2,F8,FFC5,,
43,0,18,2,F9,FFC6,,
44,0,20,2,F10,FFC7,,
57,0,22,2,F11,FFC8,,
58,0,24,2,F12,FFC9,,
37,0,26,2,Prt,FF61,,
45,0,28,2,Pse,FF13,,
52,0,30,2,Ins,FF63,,
53,0,32,2,Del,FFFF,,
29,1,0,2,`,60,~,7E
02,1,2,2,1,31,!,21
03,1,4,2,2,32,@,40
04,1,6,2,3,33,#,23
05,1,8,2,4,34,$,24
06,1,10,2,5,35,%,25
07,1,12,2,6,36,^,5E
08,1,14,2,7,37,&,26
09,1,16,2,8,38,*,2A
0A,1,18,2,9,39,(,28
0B,1,20,2,0,30,),29
0C,1,22,2,-,2D,_,5F
0D,1,24,2,=,3D,+,2B
0E,1,26,6,Backspace,FF08,,
47,1,32,2,Home,FF50,,
0F,2,0,3,Tab,FF09,,
10,2,3,2,q,71,Q,51
11,2,5,2,w,77,W,57
12,2,7,2,e,65,E,45
13,2,9,2,r,72,R,52
14,2,11,2,t,74,T,54
15,2,13,2,y,79,Y,59
16,2,15,2,u,75,U,55
17,2,17,2,i,69,I,49
18,2,19,2,o,6F,O,4F
19,2,21,2,p,70,P,50
1A,2,23,2,[,5B,{,7B
1B,2,25,2,],5D,},7D
2B,2,27,5,\,5C,|,7C
49,2,32,2,PgUp,FF55,,
3A,3,0,4,Caps,FFE5,,
1E,3,4,2,a,61,A,41
1F,3,6,2,s,73,S,53
20,3,8,2,d,64,D,44
21,3,10,2,f,66,F,46
22,3,12,2,g,67,G,47
23,3,14,2,h,68,H,48
24,3,16,2,j,6A,J,4A
25,3,18,2,k,6B,K,4B
26,3,20,2,l,6C,L,4C
27,3,22,2,;,3B,:,3A
28,3,24,2,',27,",22
1C,3,26,8,Enter,FF0D,,
51,3,32,2,PgDn,FF56,,
2A,4,0,5,Shift,FFE1,,
2C,4,5,2,z,7A,Z,5A
2D,4,7,2,x,78,X,58
2E,4,9,2,c,63,C,43
2F,4,11,2,v,76,V,56
30,4,13,2,b,62,B,42
31,4,15,2,n,6E,N,4E
32,4,17,2,m,6D,M,4D
33,4,19,2,#comma#,2C,<,3C
34,4,21,2,.,2E,>,3E
35,4,23,2,/,2F,?,3F
36,4,25,7,Shift,FFE2,,
4F,4,32,2,End,FF57,,
1D,5,0,4,Ctrl,FFE3,,
E05B,5,4,2,Meta,FFE7,,
38,5,6,2,Alt,FFE9,,
39,5,8,11,Space,20,,
E038,5,19,2,Alt,FFEA,,
E05D,5,21,2,Meta,FFE8,,
E01D,5,23,3,Ctrl,FFE4,,
4B,5,26,2,←,FF51,,
48,5,28,2,↑,FF52,,
50,5,30,2,↓,FF54,,
4D,5,32,2,→,FF53,,
